0.97859
0.93445
0.93501
0.9923
0.96068
0.97849
0.93081
0.97125
0.81828
0.9503
0.989
0.76189
0.97137
0.97927
0.9708
0.96611
0.97175
0.98428
0.98163
0.9686
0.97693
0.96582
0.96916
0.98744
0.94752
0.98462
0.95542
0.96263
0.98462
0.91995
0.9881
0.9794
0.9749
0.95545
0.93286
0.94884
0.97521
0.96417
0.64082
0.98598
0.98385
0.96245
0.93099
0.86882
0.86328
0.98301
0.961
0.97412
0.96289
0.94369
0.96598
0.96558
0.86676
0.98435
0.94299
0.94432
0.95945
0.96565
0.94212
0.91253
0.9857
0.99073
0.94221
0.95439
0.91209
0.935
0.96623
0.9937
0.98527
0.9575
0.69585
0.984
0.94584
0.97632
0.95864
0.86562
0.95356
0.83519
0.94671
0.9919
0.95912
0.95377
0.91421
0.98138
0.983
0.97024
0.86807
0.96135
0.96151
0.9338
0.99083
0.96039
0.89195
0.96157
0.96217
0.97239
0.94413
0.91986
0.98704
0.98202
0.9671
0.96037
0.96592
0.97253
0.95521
0.61624
0.90593
0.96995
0.90443
0.96142
0.97004
0.97912
0.98263
0.91679
0.9586
0.98319
0.94034
0.92756
0.97038
0.9661
0.97589
0.64817
0.98432
0.93697
0.95022
0.9705
0.98974
0.96197
0.97976
0.95315
0.95873
0.97305
0.95726
0.98412
0.9832
0.9872
0.96558
0.96982
0.97242
0.98919
