0.87584
0.73001
0.87116
0.96216
0.93648
0.89639
0.66476
0.81947
0.66423
0.74067
0.9143
0.75506
0.86318
0.81727
0.74332
0.89873
0.92744
0.89793
0.93006
0.82462
0.9306
0.88724
0.83483
0.89479
0.76828
0.83018
0.8046
0.90155
0.86084
0.62951
0.92413
0.92085
0.80981
0.83247
0.84411
0.81829
0.93019
0.86325
0.7316
0.92422
0.95741
0.86519
0.76236
0.71103
0.70579
0.82293
0.86302
0.78219
0.86757
0.89624
0.87027
0.77965
0.83652
0.92345
0.72223
0.89851
0.79821
0.80881
0.89415
0.72215
0.89836
0.91703
0.84994
0.86572
0.87663
0.88397
0.84276
0.96803
0.86059
0.83817
0.65478
0.97022
0.82701
0.84712
0.73602
0.83328
0.88996
0.6806
0.76802
0.96081
0.76917
0.77639
0.88066
0.87997
0.91694
0.82341
0.83871
0.88475
0.78602
0.78072
0.95437
0.88201
0.77184
0.85976
0.86489
0.8434
0.6903
0.89036
0.88047
0.89787
0.79892
0.75914
0.82425
0.86546
0.77419
0.69524
0.86202
0.86227
0.81814
0.88195
0.80147
0.85631
0.87803
0.8709
0.87709
0.86723
0.7234
0.73098
0.82765
0.8992
0.91028
0.74101
0.94064
0.84562
0.88182
0.84184
0.90626
0.77247
0.81793
0.88235
0.87772
0.84875
0.87266
0.91769
0.83364
0.94503
0.8456
0.88376
0.87982
0.91673
