0.7791
0.57481
0.77173
0.92707
0.88055
0.81224
0.49786
0.69415
0.49726
0.58815
0.84213
0.6065
0.7593
0.69101
0.5915
0.81608
0.8647
0.81477
0.86927
0.70157
0.87021
0.79734
0.7165
0.8096
0.62375
0.70967
0.67307
0.82075
0.75568
0.45933
0.85896
0.85332
0.68041
0.71302
0.73026
0.69246
0.86949
0.7594
0.57679
0.85912
0.9183
0.76241
0.61598
0.55162
0.54535
0.69913
0.75905
0.64229
0.76611
0.81198
0.77034
0.63887
0.71898
0.85779
0.56522
0.81572
0.66419
0.67899
0.80856
0.56513
0.81548
0.84677
0.73905
0.76323
0.78035
0.79207
0.72825
0.93805
0.7553
0.72143
0.48674
0.94216
0.70504
0.73479
0.58231
0.71421
0.80174
0.51584
0.6234
0.92457
0.62492
0.63451
0.78677
0.78566
0.84662
0.69983
0.72222
0.79332
0.64747
0.64032
0.91272
0.78893
0.62845
0.75402
0.76194
0.7292
0.52707
0.80238
0.78647
0.81466
0.66516
0.61179
0.70104
0.76283
0.63157
0.53285
0.7575
0.75789
0.69225
0.78884
0.66871
0.74872
0.78258
0.77133
0.78109
0.76559
0.56666
0.57602
0.70597
0.81686
0.83533
0.58857
0.88793
0.73254
0.78862
0.72688
0.82859
0.62929
0.69195
0.78947
0.78208
0.73724
0.77408
0.8479
0.71474
0.89578
0.73251
0.79172
0.78542
0.84626
