0.60449
0.35686
0.73307
0.91722
0.84075
0.72409
0.41822
0.63482
0.43877
0.37819
0.76036
0.34074
0.62031
0.63388
0.52215
0.71808
0.82571
0.79527
0.6805
0.62745
0.81514
0.70397
0.45962
0.78665
0.53566
0.64274
0.57376
0.7748
0.63602
0.33615
0.70398
0.73236
0.62794
0.59581
0.70375
0.57237
0.80856
0.56985
0.26697
0.72045
0.87142
0.63512
0.53061
0.4075
0.42384
0.6427
0.53083
0.55927
0.63736
0.69423
0.55782
0.54011
0.46119
0.70546
0.47356
0.69242
0.50379
0.60938
0.69498
0.51043
0.79523
0.82969
0.49184
0.47664
0.60243
0.68251
0.68378
0.86451
0.5947
0.60796
0.42023
0.79813
0.58177
0.64656
0.43274
0.45625
0.75081
0.456
0.5334
0.91515
0.52639
0.48265
0.6079
0.61677
0.70419
0.60508
0.45681
0.74108
0.55624
0.57243
0.79177
0.51419
0.41616
0.53094
0.53109
0.60985
0.40378
0.59317
0.65941
0.79437
0.5135
0.51133
0.58551
0.59239
0.59434
0.26003
0.61088
0.59965
0.4401
0.52402
0.60915
0.59222
0.70613
0.63276
0.69786
0.72706
0.4576
0.48687
0.63434
0.71686
0.65547
0.27275
0.82076
0.42052
0.75426
0.64772
0.80746
0.54985
0.62645
0.47887
0.73578
0.65586
0.49372
0.78308
0.67106
0.83167
0.63394
0.71347
0.65013
0.79134
