0.79166
0.59058
0.77208
0.9271
0.88102
0.8193
0.50972
0.69915
0.49797
0.60073
0.84649
0.7121
0.7637
0.69487
0.59716
0.83247
0.86621
0.81491
0.88363
0.70773
0.87228
0.82187
0.73094
0.81008
0.63556
0.7147
0.67766
0.8211
0.76605
0.47108
0.86674
0.86057
0.68159
0.73412
0.73063
0.69622
0.87594
0.78311
0.80877
0.87382
0.92122
0.77106
0.61745
0.62202
0.55152
0.70222
0.78733
0.65106
0.77487
0.8223
0.79214
0.65286
0.77679
0.86678
0.57014
0.82555
0.67042
0.68289
0.81756
0.56524
0.81553
0.84677
0.77758
0.79125
0.79795
0.80021
0.72972
0.94382
0.7626
0.75322
0.49468
0.95235
0.7453
0.74882
0.5871
0.77257
0.80237
0.51711
0.64862
0.92461
0.63711
0.64122
0.80362
0.79136
0.86177
0.71166
0.78247
0.79623
0.66195
0.64128
0.91839
0.8168
0.66505
0.78394
0.79267
0.74838
0.54427
0.8195
0.79583
0.81478
0.66864
0.62192
0.70507
0.77478
0.63257
0.74777
0.76986
0.76869
0.7126
0.81556
0.67251
0.75601
0.79164
0.78392
0.79186
0.76684
0.57076
0.58172
0.71553
0.83422
0.85254
0.82924
0.89563
0.77121
0.78883
0.73674
0.82877
0.64044
0.69731
0.821
0.78447
0.74732
0.80079
0.85258
0.71693
0.90107
0.74955
0.81453
0.79515
0.84728
