0.98004
0.95561
0.99943
0.99997
0.99939
0.98951
0.95534
0.9898
0.99712
0.96562
0.99393
0.80352
0.99247
0.99201
0.98422
0.97644
0.99798
0.99979
0.98165
0.98776
0.99728
0.96391
0.97316
0.99928
0.97107
0.99017
0.99005
0.99948
0.98241
0.9485
0.98966
0.99022
0.99746
0.96126
0.99931
0.99227
0.99161
0.96166
0.66787
0.98079
0.99656
0.98551
0.99617
0.82976
0.97991
0.99375
0.95481
0.97946
0.98546
0.98478
0.9655
0.96754
0.9062
0.98806
0.98497
0.98561
0.98619
0.99167
0.98658
0.99965
0.99993
1.0
0.93716
0.95565
0.97252
0.98732
0.99725
0.99353
0.98748
0.94473
0.9681
0.98877
0.92884
0.97513
0.98618
0.90436
0.99903
0.99528
0.9413
0.99995
0.97029
0.98377
0.97403
0.99091
0.97966
0.9768
0.90366
0.99541
0.96731
0.99766
0.99328
0.95854
0.91948
0.95182
0.95158
0.96605
0.94341
0.97463
0.98526
0.99982
0.99224
0.97406
0.99191
0.98018
0.9975
0.64961
0.97925
0.98179
0.96039
0.96011
0.99163
0.98728
0.98558
0.9796
0.98289
0.99786
0.98748
0.98327
0.98143
0.97517
0.97641
0.66975
0.99041
0.93593
0.99965
0.98192
0.99974
0.97309
0.98902
0.95361
0.99613
0.98203
0.95869
0.99356
0.99574
0.99349
0.96989
0.96585
0.98465
0.99859
