0.9508
0.89562
0.95928
0.99528
0.96282
0.96569
0.9161
0.96649
0.84079
0.91868
0.9796
0.62863
0.96256
0.9775
0.96703
0.95594
0.97358
0.98907
0.94705
0.96285
0.97431
0.93984
0.91937
0.99193
0.93231
0.9759
0.95828
0.9828
0.96429
0.88542
0.97597
0.96946
0.98111
0.92095
0.95529
0.94745
0.97139
0.92344
0.36083
0.96347
0.9829
0.94404
0.9511
0.78646
0.8804
0.98115
0.89966
0.96463
0.94298
0.93485
0.9228
0.94677
0.74124
0.97393
0.94886
0.93568
0.95641
0.96732
0.93672
0.93985
0.99099
0.99492
0.85967
0.87436
0.89956
0.93385
0.97108
0.98175
0.96146
0.92737
0.69844
0.9676
0.89877
0.95863
0.95476
0.7406
0.97149
0.86064
0.92899
0.99508
0.93973
0.94976
0.90405
0.96149
0.96152
0.95463
0.74038
0.97282
0.94492
0.95693
0.97869
0.88663
0.81869
0.89846
0.89812
0.93786
0.90938
0.90736
0.96483
0.98743
0.96918
0.94451
0.96657
0.94671
0.96518
0.34825
0.89031
0.94796
0.87501
0.89165
0.97076
0.95903
0.96843
0.90274
0.95673
0.98594
0.94833
0.93562
0.96652
0.95476
0.95231
0.36742
0.97775
0.84882
0.97389
0.96016
0.99375
0.95122
0.97415
0.86094
0.9718
0.96307
0.88136
0.98244
0.98496
0.98332
0.94421
0.94755
0.94847
0.99196
