0.85434
0.70303
0.87157
0.96201
0.93553
0.88046
0.64113
0.80648
0.65849
0.72043
0.90271
0.68946
0.85069
0.80771
0.7315
0.88456
0.92282
0.89728
0.90651
0.81118
0.9238
0.86293
0.81024
0.89397
0.74508
0.81712
0.79347
0.90063
0.84262
0.60063
0.91222
0.9093
0.80546
0.80019
0.84522
0.80762
0.92168
0.83307
0.5874
0.90627
0.95131
0.84681
0.75548
0.65352
0.68898
0.81391
0.82669
0.76842
0.84776
0.87573
0.84175
0.75874
0.76033
0.91163
0.71003
0.87731
0.78538
0.79883
0.87514
0.72177
0.89807
0.91703
0.80488
0.82579
0.85134
0.86647
0.83839
0.95608
0.84231
0.81148
0.64635
0.95476
0.78588
0.82823
0.72329
0.75879
0.88838
0.67702
0.74575
0.96062
0.74589
0.7617
0.85696
0.86332
0.89997
0.80475
0.76445
0.87975
0.76546
0.77926
0.94247
0.84382
0.71947
0.82316
0.82801
0.81396
0.66249
0.86679
0.8617
0.89739
0.78926
0.73871
0.81653
0.84409
0.77096
0.55745
0.83522
0.84229
0.78674
0.84449
0.79237
0.83909
0.8609
0.84587
0.86773
0.86319
0.71295
0.71887
0.81562
0.88362
0.89139
0.598
0.93099
0.80627
0.88217
0.82544
0.90549
0.75508
0.80617
0.83988
0.87439
0.83167
0.83378
0.91134
0.8275
0.93718
0.82232
0.85959
0.85942
0.91461
