0.74572
0.54206
0.77237
0.9268
0.87886
0.78645
0.47181
0.67571
0.49086
0.56302
0.82267
0.52609
0.74017
0.67744
0.57666
0.79301
0.85671
0.81369
0.82901
0.68234
0.85839
0.75891
0.68101
0.80827
0.59372
0.69079
0.65765
0.81923
0.72803
0.42922
0.8386
0.83368
0.67429
0.66693
0.73194
0.67732
0.85474
0.71389
0.41583
0.82861
0.90714
0.73432
0.60705
0.48535
0.52553
0.68621
0.70457
0.62393
0.73574
0.77893
0.72674
0.61127
0.61334
0.83761
0.55043
0.78143
0.6466
0.66505
0.778
0.56467
0.81501
0.84677
0.67347
0.70327
0.74116
0.7644
0.72175
0.91585
0.72758
0.68276
0.47748
0.91344
0.64728
0.70682
0.56652
0.61133
0.79917
0.51174
0.59458
0.92423
0.59476
0.61512
0.74972
0.75951
0.81813
0.67329
0.61872
0.78531
0.62003
0.63835
0.8912
0.72984
0.56185
0.69946
0.70649
0.68628
0.49531
0.7649
0.75701
0.81388
0.65188
0.58568
0.68995
0.73024
0.62728
0.38643
0.71706
0.72755
0.64845
0.73084
0.65614
0.72279
0.75577
0.73291
0.76637
0.75931
0.55394
0.56112
0.68865
0.79151
0.80406
0.42653
0.87089
0.67541
0.78917
0.70276
0.82731
0.60653
0.67528
0.72396
0.77681
0.71185
0.71494
0.83713
0.70576
0.88178
0.69825
0.75375
0.75349
0.84265
