0.4995
0.28707
0.71891
0.91351
0.82403
0.66032
0.38134
0.59711
0.39748
0.29266
0.69966
0.25129
0.51701
0.60079
0.48711
0.65346
0.79219
0.78762
0.53645
0.579
0.76932
0.64335
0.32761
0.77516
0.48514
0.60012
0.51402
0.74993
0.56442
0.28119
0.6097
0.65291
0.59791
0.51688
0.69686
0.50975
0.76834
0.47876
0.13376
0.62316
0.82352
0.54102
0.47208
0.33527
0.35991
0.60721
0.40989
0.51303
0.54745
0.59644
0.44449
0.49114
0.31142
0.61165
0.43408
0.59577
0.4525
0.57135
0.59882
0.48921
0.78719
0.82595
0.36056
0.34417
0.50013
0.59514
0.66085
0.79555
0.49154
0.53973
0.39283
0.68284
0.50807
0.59446
0.37188
0.30575
0.72616
0.4247
0.49061
0.91164
0.46627
0.42099
0.50769
0.48933
0.60772
0.54839
0.30499
0.71867
0.50871
0.53036
0.71074
0.37201
0.33406
0.41087
0.41206
0.52473
0.34122
0.48323
0.57565
0.78634
0.44995
0.4584
0.51537
0.49201
0.57588
0.14441
0.49389
0.50081
0.34578
0.38697
0.57754
0.49563
0.65593
0.5187
0.64532
0.70655
0.41994
0.44566
0.59652
0.65175
0.55505
0.13433
0.77536
0.30675
0.73835
0.59794
0.79848
0.50647
0.59027
0.32906
0.71712
0.60838
0.35556
0.73732
0.64935
0.78923
0.56971
0.65822
0.54646
0.76365
