0.78491
0.57747
0.77446
0.92708
0.88136
0.81488
0.4969
0.69387
0.49517
0.59087
0.84358
0.69106
0.76061
0.69092
0.59117
0.83215
0.86594
0.8148
0.87901
0.70263
0.87087
0.8146
0.72125
0.80996
0.62513
0.70922
0.67312
0.82186
0.75942
0.45447
0.86396
0.85776
0.67975
0.72115
0.7347
0.69173
0.87527
0.77468
0.75837
0.86997
0.92058
0.76692
0.61423
0.59299
0.54402
0.69847
0.775
0.64465
0.77029
0.81889
0.78285
0.64417
0.75214
0.86431
0.56474
0.82168
0.6647
0.67947
0.81487
0.56542
0.81569
0.84677
0.76156
0.7792
0.78982
0.79883
0.72909
0.94265
0.75615
0.7431
0.49431
0.95093
0.7293
0.74159
0.58062
0.74824
0.80273
0.51711
0.6381
0.92459
0.62596
0.63465
0.79649
0.78635
0.85915
0.70467
0.75937
0.79517
0.65245
0.64382
0.91662
0.80555
0.64362
0.77177
0.78021
0.73683
0.52957
0.81233
0.78957
0.81476
0.66419
0.6127
0.70399
0.76828
0.63126
0.69615
0.76609
0.7629
0.6991
0.80508
0.66866
0.75039
0.78607
0.7814
0.79575
0.76557
0.56623
0.57675
0.71067
0.83363
0.8482
0.78184
0.89512
0.75774
0.79083
0.73075
0.82859
0.63204
0.69219
0.80892
0.78542
0.74128
0.78928
0.85111
0.71441
0.90062
0.74069
0.80724
0.78974
0.84704
