0.93725
0.89837
0.99651
0.99967
0.99679
0.95752
0.9033
0.96271
0.98256
0.92276
0.97075
0.68787
0.96496
0.97201
0.95919
0.94401
0.98771
0.99834
0.93579
0.95938
0.98357
0.91735
0.92427
0.99744
0.92199
0.96374
0.96624
0.99611
0.94628
0.88539
0.96619
0.96743
0.98822
0.89868
0.99489
0.97015
0.97329
0.90097
0.47934
0.94573
0.98416
0.94528
0.9811
0.72781
0.93925
0.97506
0.88576
0.95102
0.94255
0.94105
0.91023
0.92288
0.76871
0.96444
0.95598
0.94102
0.95959
0.96907
0.94504
0.99764
0.99898
1.0
0.85343
0.87831
0.92326
0.94663
0.98625
0.96989
0.95063
0.89372
0.93347
0.95862
0.85198
0.93779
0.95892
0.76963
0.99449
0.98011
0.89709
0.99958
0.92268
0.95236
0.92736
0.95699
0.94486
0.93798
0.7696
0.98445
0.92581
0.98686
0.96982
0.88591
0.81558
0.88187
0.88203
0.90912
0.88447
0.92908
0.94834
0.99866
0.97234
0.92997
0.9719
0.93651
0.99004
0.46484
0.91805
0.94014
0.8995
0.88796
0.97226
0.95158
0.95148
0.92193
0.95404
0.98934
0.9623
0.95392
0.95695
0.94
0.9392
0.48416
0.96985
0.86144
0.99735
0.94832
0.99812
0.93762
0.96508
0.8733
0.98608
0.94717
0.88359
0.98075
0.98313
0.97683
0.92416
0.91919
0.94259
0.99389
