0.75937
0.56193
0.83599
0.95974
0.89477
0.81477
0.61099
0.75595
0.58217
0.65272
0.87645
0.47275
0.67604
0.77443
0.71047
0.77511
0.85318
0.93629
0.71853
0.76269
0.84001
0.80045
0.68605
0.92911
0.68454
0.76333
0.7465
0.85524
0.82154
0.53589
0.77706
0.77901
0.7908
0.70935
0.88523
0.75076
0.89415
0.63169
0.28924
0.83407
0.86893
0.75408
0.6758
0.59659
0.61553
0.77988
0.706
0.7354
0.75798
0.6682
0.75782
0.73083
0.49773
0.77315
0.64469
0.66855
0.66294
0.74603
0.67263
0.78085
0.93711
0.9409
0.67171
0.64522
0.80007
0.66071
0.84893
0.89315
0.78608
0.76668
0.64981
0.8906
0.66185
0.81941
0.67658
0.4956
0.84204
0.57303
0.71411
0.96098
0.69586
0.65368
0.80613
0.68857
0.8363
0.76185
0.49497
0.89187
0.74015
0.66993
0.8767
0.656
0.55319
0.70414
0.70539
0.70841
0.56642
0.81358
0.82985
0.93631
0.73128
0.67017
0.76603
0.7565
0.83877
0.27697
0.58584
0.75418
0.59974
0.65598
0.7607
0.78357
0.79772
0.60478
0.77105
0.83636
0.64468
0.63968
0.77726
0.77491
0.74484
0.3001
0.90119
0.69848
0.86041
0.77418
0.94063
0.71673
0.75667
0.65533
0.8941
0.78065
0.65468
0.89687
0.80932
0.9021
0.79857
0.80242
0.76628
0.88186
