0.80346
0.64185
0.84257
0.95402
0.90346
0.83983
0.63145
0.79054
0.62561
0.68351
0.8792
0.59979
0.76298
0.79197
0.72435
0.82681
0.87611
0.90942
0.81325
0.78801
0.87076
0.83458
0.74864
0.90355
0.71623
0.79992
0.76464
0.86455
0.82507
0.58175
0.83114
0.8429
0.79637
0.76138
0.8569
0.77243
0.89646
0.7435
0.52648
0.86149
0.89761
0.7995
0.71382
0.64575
0.64907
0.79799
0.76626
0.74926
0.80245
0.7732
0.79741
0.74225
0.66173
0.82869
0.6741
0.77368
0.72244
0.77609
0.77404
0.73759
0.91029
0.92201
0.74761
0.7437
0.81389
0.76372
0.8365
0.91723
0.80993
0.79059
0.64188
0.91132
0.74289
0.81808
0.69618
0.6577
0.85364
0.63749
0.73611
0.95421
0.72172
0.70854
0.81897
0.77604
0.85961
0.78023
0.66267
0.87665
0.75658
0.73179
0.89724
0.75811
0.65972
0.7642
0.76843
0.77108
0.62843
0.82854
0.83648
0.90926
0.75101
0.71205
0.78442
0.7969
0.797
0.50525
0.71833
0.79413
0.68799
0.7593
0.77768
0.80695
0.83142
0.73082
0.81644
0.84782
0.67716
0.68103
0.79719
0.82653
0.80617
0.5362
0.90487
0.75003
0.85837
0.80181
0.91612
0.74254
0.78108
0.75526
0.87562
0.80839
0.75115
0.89366
0.81892
0.90758
0.80915
0.83658
0.81079
0.88705
