0.67148
0.47259
0.72796
0.91209
0.82392
0.72389
0.4614
0.65364
0.45519
0.51919
0.78444
0.42836
0.61678
0.65559
0.56782
0.70475
0.77953
0.83389
0.68528
0.65018
0.77111
0.71611
0.59826
0.82408
0.55791
0.66655
0.61896
0.76142
0.70223
0.41019
0.71106
0.72846
0.66165
0.61469
0.74963
0.62924
0.81235
0.59172
0.35729
0.75668
0.81424
0.66597
0.555
0.47684
0.48046
0.66389
0.62108
0.59905
0.67008
0.63026
0.66308
0.59014
0.49447
0.70749
0.50841
0.63089
0.56549
0.6341
0.63137
0.58428
0.83536
0.85531
0.59695
0.59198
0.68618
0.61775
0.71895
0.84711
0.68057
0.6537
0.47262
0.83709
0.59096
0.69216
0.53395
0.48998
0.74466
0.46788
0.58241
0.91243
0.5646
0.54863
0.69344
0.63404
0.75379
0.63965
0.49552
0.78039
0.60846
0.57703
0.81364
0.61045
0.49222
0.61839
0.62394
0.62745
0.45819
0.70727
0.71892
0.83362
0.60129
0.55285
0.64531
0.66238
0.66251
0.33801
0.56047
0.65855
0.52437
0.61199
0.63623
0.67638
0.71148
0.57582
0.68981
0.73584
0.5119
0.51634
0.66277
0.70434
0.67528
0.36631
0.82627
0.60004
0.75188
0.66919
0.84522
0.59051
0.6408
0.60677
0.77876
0.6784
0.60148
0.80776
0.69336
0.83081
0.67948
0.71907
0.68179
0.79702
