0.4347
0.30641
0.5221
0.74017
0.59243
0.51535
0.37054
0.51055
0.33278
0.38464
0.62197
0.28219
0.35079
0.54733
0.48991
0.44619
0.5065
0.71761
0.37224
0.5181
0.48558
0.5294
0.3755
0.76653
0.41236
0.51797
0.43571
0.53104
0.56179
0.30945
0.43376
0.44419
0.58499
0.43533
0.62584
0.43876
0.6095
0.32509
0.1669
0.50917
0.5299
0.43159
0.37682
0.36507
0.35909
0.55507
0.39592
0.47553
0.43503
0.33735
0.4625
0.47384
0.24318
0.42809
0.37191
0.33698
0.3595
0.49863
0.34373
0.48492
0.71739
0.71961
0.37897
0.34132
0.50311
0.33678
0.58633
0.59978
0.47289
0.5084
0.39964
0.5957
0.37621
0.56509
0.39886
0.24535
0.52434
0.32535
0.49198
0.7496
0.44355
0.35922
0.50899
0.35931
0.53246
0.49324
0.24101
0.62958
0.50562
0.37389
0.56322
0.34075
0.30252
0.39584
0.39812
0.41875
0.33161
0.51225
0.5635
0.71914
0.42531
0.42138
0.4793
0.43688
0.57386
0.18548
0.29372
0.42746
0.326
0.34204
0.5272
0.471
0.51544
0.30641
0.44695
0.62422
0.37527
0.35994
0.5539
0.44764
0.41448
0.16643
0.62495
0.40488
0.55527
0.51542
0.7238
0.4862
0.50687
0.34436
0.63734
0.51945
0.34183
0.63475
0.61025
0.60597
0.5499
0.52765
0.44131
0.55019
