0.78435
0.57118
0.78438
0.93882
0.88879
0.81041
0.50164
0.69252
0.51694
0.59238
0.84936
0.68519
0.74284
0.68715
0.59123
0.83142
0.88652
0.85801
0.86708
0.6955
0.88905
0.81069
0.71481
0.83662
0.61863
0.70663
0.69957
0.83303
0.76756
0.46034
0.8787
0.84595
0.6789
0.70992
0.78186
0.71339
0.89579
0.75503
0.78932
0.87138
0.92977
0.78923
0.64783
0.62144
0.57041
0.69422
0.77389
0.64765
0.7934
0.80572
0.77788
0.65106
0.72934
0.87741
0.58959
0.80712
0.67773
0.67367
0.80346
0.61629
0.85841
0.87551
0.7518
0.76281
0.80781
0.78498
0.7546
0.94058
0.77087
0.7434
0.51202
0.95165
0.71589
0.75421
0.60991
0.72545
0.8105
0.51881
0.63561
0.9371
0.61932
0.6502
0.81385
0.7674
0.86032
0.70505
0.73554
0.83495
0.65693
0.64994
0.92229
0.78943
0.64601
0.77046
0.779
0.72564
0.51602
0.83066
0.79526
0.85689
0.68913
0.60482
0.70372
0.77023
0.69775
0.73067
0.74469
0.76537
0.69733
0.78907
0.66619
0.7651
0.77974
0.76435
0.79804
0.76269
0.59333
0.59743
0.7046
0.83269
0.85344
0.8123
0.91535
0.77439
0.8073
0.72596
0.8706
0.62888
0.68594
0.7957
0.82751
0.73659
0.77427
0.87338
0.71261
0.91931
0.74556
0.80564
0.81253
0.86977
