0.82351
0.73248
0.91008
0.96973
0.91863
0.87147
0.8519
0.92089
0.79213
0.80778
0.91121
0.53332
0.78424
0.93455
0.93483
0.82225
0.86594
0.96739
0.76572
0.90891
0.85321
0.85992
0.78583
0.98212
0.8504
0.92158
0.84306
0.89855
0.8919
0.79016
0.78845
0.83987
0.96301
0.82088
0.94787
0.84214
0.89713
0.73231
0.39496
0.85183
0.8676
0.81003
0.79479
0.67205
0.75289
0.93824
0.75877
0.88867
0.81171
0.7432
0.81796
0.86314
0.6056
0.7851
0.7869
0.7429
0.77347
0.91523
0.74669
0.91836
0.96885
0.97373
0.74348
0.72553
0.82007
0.74358
0.93834
0.89501
0.85315
0.84418
0.86
0.87428
0.77202
0.89376
0.81087
0.60153
0.90164
0.82658
0.87436
0.97195
0.86469
0.77838
0.82415
0.78488
0.8589
0.87336
0.60294
0.92273
0.89185
0.83724
0.87352
0.72918
0.67402
0.75805
0.75813
0.82259
0.80346
0.82643
0.8822
0.96845
0.82509
0.86549
0.88603
0.82549
0.92917
0.38612
0.69378
0.82513
0.67889
0.73169
0.93397
0.85365
0.89044
0.7001
0.83571
0.95435
0.78857
0.79183
0.91779
0.82046
0.76387
0.40018
0.89464
0.72716
0.91633
0.89535
0.96665
0.90636
0.90688
0.71874
0.92967
0.89571
0.72938
0.9149
0.96251
0.89616
0.88461
0.86999
0.80907
0.90503
